809   200.000000  179.072960  191.161763       True  191.070417        True
12    197.370844  176.180336  189.372778       True  188.614272        True
1096  184.168567  180.922468  200.000000       True  187.944167        True
76    168.949509  200.000000  200.000000       True  187.579804        True
314   195.624859  168.643398  193.157145       True  186.790107        True
708   185.371338  176.070871  198.545633       True  186.533486        True
827   191.337481  168.058138  195.222618       True  185.519219        True
844   169.039548  189.705651  200.000000       True  184.527514        True
1218  200.000000  200.000000  146.885901       True  184.065770        True
412   171.635308  185.475087  197.136200       True  183.437509        True
77    173.109556  200.000000  180.332724       True  183.343640        True
568   178.719698  200.000000  172.611262       True  183.271258        True
840   175.350585  200.000000  177.063726       True  183.259352        True
1024  176.863412  180.731154  193.826313       True  183.112605        True
1103  179.267043  172.805112  197.942603       True  182.931132        True
894   182.850139  165.164997  200.000000       True  182.689555        True
1451  171.685810  200.000000  179.650968       True  182.569615        True
368   181.293515  175.449239  190.228196       True  182.220637        True
1287  176.752028  193.818002  176.584496       True  181.821561        True
638   176.438806  191.882202  178.260667       True  181.618383        True
560   173.399883  200.000000  172.203564       True  181.021022        True
1235  188.740619  151.154230  200.000000       True  180.842517        True
788   157.623761  190.586219  200.000000       True  180.225370        True
1045  179.696379  168.437974  192.446914       True  180.144018        True
345   176.315957  197.669826  167.367436       True  180.037561        True
967   167.653303  188.851068  187.486538       True  179.962603        True
1030  191.269645  155.776800  188.682347       True  179.845602        True
1127  185.367979  175.072369  177.062524       True  179.787660        True
333   174.064022  175.585818  191.422774       True  179.728186        True
30    171.165709  188.205993  182.323572       True  179.625153        True
1239  178.600044  187.651874  172.342957       True  179.438467        True
72    192.433061  190.248005  150.408982       True  179.170320        True
1049  178.827663  181.316671  176.659967       True  178.924056        True
588   183.830283  169.642243  181.497215       True  178.873951        True
1482  177.159720  169.619240  190.236180       True  178.820514        True